========================================================================================================================
所有场景精度统计结果汇总 (All Scene Types Statistics Summary)
========================================================================================================================

聚合统计 (Aggregated Statistics)
注：同类场景统计值按里程占总里程占比取加权均值，odo取和，完全为0的场景不参与加权平均

pvtlc_2e72e88 Statistics (pvtlc_2e72e88精度统计)
------------------------------------------------------------------------------------------------------------------------
场景类型              里程km   H-rms H-CEP95 H-CEP99   H-max   L-rms L-CEP95 L-CEP99   L-max   F-rms F-CEP95 F-CEP99   F-max   V-rms V-CEP95 V-CEP99   V-max
------------------------------------------------------------------------------------------------------------------------
全部            269.65    14.45     9.79    87.65   115.17    12.17     5.71    76.11   101.92     5.49     7.81    25.89    39.35    66.60    72.16    77.33    79.37
正常            220.62     7.15     5.24    13.59   103.72     5.62     3.61     6.09    90.39     3.45     3.95    13.13    36.73    66.62    71.65    74.49    79.19
开阔场景          107.76     2.46     3.78     4.47     7.09     1.79     3.27     3.86     5.54     1.67     3.02     3.82     5.34    67.89    72.55    75.06    75.49
半遮挡            66.58     4.50     8.73    17.99    22.05     2.09     4.30     5.95     7.84     3.75     7.46    16.76    21.22    66.36    71.56    72.84    73.47
双边遮挡           43.38    12.38     5.78     6.52   147.21    11.49     4.43     5.39   140.63     3.87     5.06     6.11    39.04    64.67    69.24    71.81    78.55
隧道             49.03    42.62   118.52   153.53   161.84    37.52   108.16   139.36   147.82    13.56    26.44    47.24    48.59    66.38    75.31    77.58    77.88
转发器             2.89     7.83    11.12    11.61    11.72     2.52     4.70     5.69     5.88     7.41    10.08    10.17    10.21    57.19    61.26    62.28    62.55

rtklc_2e72e88 Statistics (rtklc_2e72e88精度统计)
------------------------------------------------------------------------------------------------------------------------
场景类型              里程km   H-rms H-CEP95 H-CEP99   H-max   L-rms L-CEP95 L-CEP99   L-max   F-rms F-CEP95 F-CEP99   F-max   V-rms V-CEP95 V-CEP99   V-max
------------------------------------------------------------------------------------------------------------------------
全部            269.32     4.02     7.21    17.51    19.44     1.75     4.38     5.99     7.70     3.42     5.88    16.58    17.83    69.61    74.60    78.42    79.60
正常            220.30     3.04     4.58    12.78    19.71     1.42     3.07     4.76     7.72     2.56     3.40    12.43    18.18    69.66    74.36    78.42    79.88
开阔场景          107.75     1.48     2.70     3.61     5.73     1.01     2.20     2.66     3.89     1.07     2.10     2.99     5.07    70.72    75.06    76.48    76.82
半遮挡            66.65     4.08     9.80    16.93    19.20     1.58     3.28     5.04     7.38     3.52     8.98    15.69    17.96    69.21    76.50    78.39    78.78
双边遮挡           43.07     2.35     4.43     5.55    11.19     1.50     3.31     4.06     6.58     1.78     3.73     5.14     9.50    68.39    72.25    74.41    75.40
隧道             49.02     8.00    16.02    17.33    17.64     3.17     5.66     6.42     6.59     6.87    14.42    15.25    15.51    68.73    74.06    74.83    74.93
转发器             2.89     7.83    11.12    11.61    11.72     2.52     4.70     5.69     5.88     7.41    10.08    10.17    10.21    57.19    61.26    62.28    62.55

GNSS Statistics (GNSS精度统计)
------------------------------------------------------------------------------------------------------------------------
场景类型              里程km   H-rms H-CEP95 H-CEP99   H-max   L-rms L-CEP95 L-CEP99   L-max   F-rms F-CEP95 F-CEP99   F-max   V-rms V-CEP95 V-CEP99   V-max
------------------------------------------------------------------------------------------------------------------------
全部            299.68     7.66     7.01    30.61   119.79     2.71     4.37     8.26    50.19     7.04     5.80    27.90   118.50    50.59    57.92    83.07   148.73
正常            218.66     3.86     6.30    15.57    35.91     2.29     4.17     7.47    22.10     3.03     5.17    13.23    32.52    48.46    56.72    60.20    81.24
开阔场景          108.30     2.67     4.45     5.69    13.87     1.80     3.25     4.01    11.03     1.94     3.81     5.12    10.72    50.00    57.82    59.46    72.43
半遮挡            67.09     4.45     6.64    18.58    25.76     2.38     4.52     7.83    10.59     3.62     4.96    17.81    25.46    51.55    62.34    65.32    73.14
双边遮挡           43.73     4.05     7.60    12.50    28.03     2.60     4.77     8.44    18.34     3.09     6.41     9.46    27.54    40.48    46.78    48.26    56.10
隧道             41.45    11.88    16.43    26.43    42.28     3.01     3.45    11.30    15.25    11.15    15.52    24.01    40.45    39.79    46.05    52.14    65.33
转发器            32.90    87.16   196.87   228.18   265.65    18.64    36.60    78.22   105.68    85.14   196.53   228.05   265.44   159.77   215.22   253.81   320.97

========================================================================================================================
说明 (Notes):
  H = Horizontal (水平位置误差)
  L = Lateral (横向误差)
  F = Forward (前进方向误差)
  V = Vertical (高程误差)
  rms = Root Mean Square (均方根)
  CEP95 = 95% Circular Error Probable (95%圆误差概率)
  CEP99 = 99% Circular Error Probable (99%圆误差概率)
  max = Maximum Error (最大误差)
========================================================================================================================